2.295926055908203125e+02
6.359998168945312500e+02
9.338187255859375000e+02
1.383930541992187500e+03
1.805959716796875000e+03
1.608380249023437500e+03
1.018255493164062500e+03
5.859398803710937500e+02
3.795830383300781250e+02
2.934515380859375000e+02
2.025095214843750000e+02
1.762991485595703125e+02
1.697561950683593750e+02
1.289797973632812500e+02
1.480660247802734375e+02
1.863905639648437500e+02
1.739994812011718750e+02
1.977480926513671875e+02
2.927712097167968750e+02
2.872907714843750000e+02
1.920259857177734375e+02
1.506767272949218750e+02
1.589441375732421875e+02
1.817148895263671875e+02
1.661001892089843750e+02
1.184222564697265625e+02
1.443401184082031250e+02
2.103232421875000000e+02
2.094385681152343750e+02
1.816749114990234375e+02
1.622390594482421875e+02
1.052414855957031250e+02
4.757870483398437500e+01
3.505958938598632812e+01
3.184148216247558594e+01
1.743275642395019531e+01
8.117515563964843750e+00
1.564588832855224609e+01
1.266403961181640625e+01
1.073567485809326172e+01
4.271229267120361328e+00
2.883119821548461914e+00
2.344476699829101562e+00
2.339188575744628906e+00
1.430413365364074707e+00
1.602168440818786621e+00
2.004056453704833984e+00
1.898554325103759766e+00
1.332579970359802246e+00
8.339444994926452637e-01
1.592360615730285645e+00
3.872558474540710449e-01
4.753019809722900391e-01
3.186142444610595703e-01
2.676816284656524658e-01
3.941663205623626709e-01
5.607437491416931152e-01
3.930504024028778076e-01
2.440841048955917358e-01
3.971623480319976807e-01
5.152484774589538574e-01
5.491151809692382812e-01
4.928663671016693115e-01
3.976200222969055176e-01
2.837386131286621094e-01
1.875524669885635376e-01
1.786004006862640381e-01
1.381933987140655518e-01
4.882894083857536316e-02
5.406418815255165100e-02
1.002726703882217407e-01
7.698796689510345459e-02
3.638128936290740967e-02
2.098199166357517242e-02
1.475146319717168808e-02
1.954686269164085388e-02
1.847055926918983459e-02
3.499662131071090698e-02
1.250205934047698975e-01
1.256551295518875122e-01
2.970551513135433197e-02
2.153994701802730560e-02
1.541570480912923813e-02
1.455274503678083420e-02
1.458390150219202042e-02
2.335228770971298218e-02
1.254037022590637207e-02
1.455769315361976624e-02
2.261666208505630493e-02
3.483289852738380432e-02
4.695256426930427551e-02
5.837699398398399353e-02
