3.039201164245605469e+01
7.051530456542968750e+01
9.750999450683593750e+01
1.002612152099609375e+02
5.018239974975585938e+01
5.227875518798828125e+01
1.290186004638671875e+02
1.527336425781250000e+02
1.347584533691406250e+02
1.841543426513671875e+02
3.255588684082031250e+02
3.975597229003906250e+02
2.835048522949218750e+02
2.617191162109375000e+02
2.633263854980468750e+02
2.074738464355468750e+02
1.907893676757812500e+02
1.913535919189453125e+02
1.715144348144531250e+02
1.762047882080078125e+02
1.608949890136718750e+02
9.705216217041015625e+01
9.500043487548828125e+01
1.061755905151367188e+02
6.293503570556640625e+01
5.844485092163085938e+01
4.554373931884765625e+01
2.485000801086425781e+01
1.960268211364746094e+01
2.609495353698730469e+01
6.409579467773437500e+01
3.129091262817382812e+01
3.988608169555664062e+01
2.229906272888183594e+01
4.233356475830078125e+00
7.431019306182861328e+00
7.746244430541992188e+00
9.037860870361328125e+00
8.945569992065429688e+00
8.324448585510253906e+00
7.819117069244384766e+00
6.947696208953857422e+00
5.284167766571044922e+00
3.426482677459716797e+00
3.248338937759399414e+00
3.270517349243164062e+00
6.932198524475097656e+00
1.020267391204833984e+01
8.325187683105468750e+00
4.504450798034667969e+00
1.975375890731811523e+00
1.789662003517150879e+00
1.701008796691894531e+00
1.492038249969482422e+00
2.508360385894775391e+00
3.404436588287353516e+00
3.601672410964965820e+00
3.159999370574951172e+00
2.458707094192504883e+00
1.877673864364624023e+00
1.530884146690368652e+00
1.299477219581604004e+00
1.485598683357238770e+00
2.757925987243652344e+00
2.188361883163452148e+00
6.971282362937927246e-01
4.965628981590270996e-01
4.554229080677032471e-01
3.415231406688690186e-01
2.920728623867034912e-01
2.952665090560913086e-01
2.892586886882781982e-01
2.205300629138946533e-01
1.099395975470542908e-01
1.066418215632438660e-01
1.978729367256164551e-01
4.351908266544342041e-01
6.339430212974548340e-01
4.205437898635864258e-01
1.119617298245429993e-01
1.978616118431091309e-01
7.114148139953613281e-02
4.522491991519927979e-02
1.908854395151138306e-01
3.777744472026824951e-01
4.294593632221221924e-01
2.930237054824829102e-01
2.799770236015319824e-01
5.390346050262451172e-01
6.341010332107543945e-01
3.489102721214294434e-01
8.451163768768310547e-02
