1.479869384765625000e+02
1.209476547241210938e+02
9.692558288574218750e+01
9.588146972656250000e+01
1.679689331054687500e+02
1.993775329589843750e+02
2.420651550292968750e+02
2.777477111816406250e+02
2.190576324462890625e+02
1.908431091308593750e+02
1.485644989013671875e+02
1.255305175781250000e+02
8.582370758056640625e+01
1.232321243286132812e+02
1.538808288574218750e+02
1.527031402587890625e+02
1.791833343505859375e+02
1.279547653198242188e+02
6.785376739501953125e+01
2.523920822143554688e+01
3.478724288940429688e+01
3.916382980346679688e+01
4.149880599975585938e+01
3.179257583618164062e+01
4.676014328002929688e+01
2.777769775390625000e+02
1.827767333984375000e+02
7.282778930664062500e+01
5.082215499877929688e+01
4.122649383544921875e+01
2.424339866638183594e+01
1.662669944763183594e+01
6.582027912139892578e+00
1.911385726928710938e+01
3.792240142822265625e+01
2.437980270385742188e+01
4.520866870880126953e+00
3.593211889266967773e+00
9.757773399353027344e+00
5.953061580657958984e+00
5.218018054962158203e+00
1.473630714416503906e+01
1.062247657775878906e+01
8.575163841247558594e+00
6.262031078338623047e+00
3.645579099655151367e+00
4.795699596405029297e+00
5.230588436126708984e+00
2.057394027709960938e+00
1.195204019546508789e+00
3.619089365005493164e+00
1.600695013999938965e+00
1.887258410453796387e+00
2.134868621826171875e+00
1.676247596740722656e+00
1.066365957260131836e+00
3.676390945911407471e-01
2.666293382644653320e-01
9.919768571853637695e-01
6.400206089019775391e-01
4.454249441623687744e-01
3.572265803813934326e-01
3.232481479644775391e-01
4.249442815780639648e-01
6.937057375907897949e-01
8.732979297637939453e-01
8.051502108573913574e-01
8.622490167617797852e-01
1.029534816741943359e+00
7.857935428619384766e-01
4.992756247520446777e-01
7.492893934249877930e-01
1.052810430526733398e+00
1.371537804603576660e+00
8.044069409370422363e-01
1.002255320549011230e+00
1.467923283576965332e+00
1.591545104980468750e+00
1.336888551712036133e+00
5.272381305694580078e-01
2.156176567077636719e-01
2.191653996706008911e-01
2.090696394443511963e-01
3.393788337707519531e-01
3.161361217498779297e-01
1.689272671937942505e-01
1.353734582662582397e-01
2.372134625911712646e-01
2.527333796024322510e-01
9.187114983797073364e-02
1.415502578020095825e-01
2.383612990379333496e-01
