1.790911483764648438e+01
3.403795623779296875e+01
1.831481361389160156e+01
3.692468643188476562e+01
3.559305572509765625e+01
1.697644996643066406e+01
2.927111816406250000e+01
7.195697784423828125e+01
8.507951354980468750e+01
5.016382217407226562e+01
5.604393005371093750e+01
1.553730010986328125e+02
9.241278839111328125e+01
6.514829254150390625e+01
1.408143768310546875e+02
1.640957489013671875e+02
1.096882324218750000e+02
5.087008285522460938e+01
2.333213233947753906e+01
2.235519981384277344e+01
4.039169311523437500e+01
5.861251449584960938e+01
6.158322143554687500e+01
5.393216705322265625e+01
3.901611709594726562e+01
2.531801414489746094e+01
2.488527488708496094e+01
7.342181682586669922e+00
4.908740615844726562e+01
1.739460144042968750e+02
7.060633087158203125e+01
1.281555557250976562e+01
1.301953315734863281e+01
7.829749107360839844e+00
9.354510307312011719e+00
5.897806167602539062e+00
7.123183608055114746e-01
8.273634314537048340e-01
3.044001102447509766e+00
4.820778846740722656e+00
4.441914081573486328e+00
2.668374776840209961e+00
1.586425423622131348e+00
9.645766615867614746e-01
3.400783300399780273e+00
5.764228820800781250e+00
2.089868783950805664e+00
1.316420912742614746e+00
4.484679400920867920e-01
2.206566631793975830e-01
8.379603177309036255e-02
3.235646784305572510e-01
4.689526855945587158e-01
5.559000968933105469e-01
2.898117542266845703e+00
3.803202629089355469e+00
1.281498789787292480e+00
2.736489474773406982e-01
2.292000651359558105e-01
2.531299889087677002e-01
2.331866621971130371e-01
2.014064043760299683e-01
3.526363670825958252e-01
2.838217616081237793e-01
1.585280895233154297e-01
4.582236111164093018e-01
8.432344794273376465e-01
8.483390212059020996e-01
5.288822650909423828e-01
2.219744175672531128e-01
7.230544835329055786e-02
3.158900886774063110e-02
1.667967811226844788e-02
2.751260623335838318e-02
4.487789422273635864e-02
3.057729266583919525e-02
4.330715164542198181e-02
8.289049565792083740e-02
1.510450839996337891e-01
1.281942278146743774e-01
1.659704148769378662e-01
1.466454118490219116e-01
6.870660185813903809e-01
1.079602241516113281e+00
6.373109817504882812e-01
3.433280587196350098e-01
2.657834291458129883e-01
6.972792744636535645e-02
2.426833659410476685e-02
2.561453171074390411e-02
2.269530855119228363e-02
9.157782047986984253e-02
