2.295926055908203125e+02
6.359998168945312500e+02
4.176620178222656250e+02
3.760071411132812500e+02
3.943486633300781250e+02
3.570927124023437500e+02
2.436788177490234375e+02
1.510276947021484375e+02
1.153492584228515625e+02
1.033709945678710938e+02
9.832799530029296875e+01
9.534286499023437500e+01
8.035330963134765625e+01
6.036806106567382812e+01
5.239761352539062500e+01
4.384438323974609375e+01
3.423848342895507812e+01
2.514660072326660156e+01
2.053257369995117188e+01
3.402632522583007812e+01
3.057948684692382812e+01
1.492235279083251953e+01
1.095838356018066406e+01
1.042626094818115234e+01
9.930514335632324219e+00
7.584484577178955078e+00
6.481456756591796875e+00
9.392723083496093750e+00
1.059364891052246094e+01
1.017594337463378906e+01
8.601552009582519531e+00
6.035767078399658203e+00
3.444031238555908203e+00
3.350479602813720703e+00
2.832931041717529297e+00
2.521073579788208008e+00
2.635124444961547852e+00
2.971519947052001953e+00
3.207812309265136719e+00
3.340844869613647461e+00
3.256849527359008789e+00
2.883119821548461914e+00
2.344476699829101562e+00
1.835127353668212891e+00
1.430413365364074707e+00
1.056656837463378906e+00
7.292117476463317871e-01
5.712780952453613281e-01
5.551035404205322266e-01
4.938195943832397461e-01
3.480033576488494873e-01
2.016514390707015991e-01
1.965442597866058350e-01
2.008173465728759766e-01
2.020589560270309448e-01
1.826281696557998657e-01
1.500187367200851440e-01
1.535686105489730835e-01
2.440841048955917358e-01
3.971623480319976807e-01
5.152484774589538574e-01
5.491151809692382812e-01
4.928663671016693115e-01
3.976200222969055176e-01
2.837386131286621094e-01
1.875524669885635376e-01
1.186685785651206970e-01
6.938073039054870605e-02
4.882894083857536316e-02
4.210744425654411316e-02
4.258723556995391846e-02
3.950807452201843262e-02
3.231767937541007996e-02
2.098199166357517242e-02
1.475146319717168808e-02
1.954686269164085388e-02
1.847055926918983459e-02
1.764724962413311005e-02
1.643740944564342499e-02
1.362103037536144257e-02
2.970551513135433197e-02
2.153994701802730560e-02
1.541570480912923813e-02
1.455274503678083420e-02
1.458390150219202042e-02
2.335228770971298218e-02
1.254037022590637207e-02
1.455769315361976624e-02
2.261666208505630493e-02
3.483289852738380432e-02
4.695256426930427551e-02
5.837699398398399353e-02
