1.479869384765625000e+02
1.209476547241210938e+02
9.692558288574218750e+01
9.588146972656250000e+01
1.679689331054687500e+02
1.993775329589843750e+02
3.631797485351562500e+02
1.126387695312500000e+03
3.808773803710937500e+02
2.045969848632812500e+02
1.485644989013671875e+02
1.408814849853515625e+02
1.440794219970703125e+02
1.232321243286132812e+02
1.538808288574218750e+02
1.527031402587890625e+02
1.791833343505859375e+02
1.279547653198242188e+02
6.785376739501953125e+01
2.523920822143554688e+01
3.478724288940429688e+01
2.502128753662109375e+02
3.748817138671875000e+02
7.828311157226562500e+01
4.676014328002929688e+01
2.777769775390625000e+02
9.981546630859375000e+02
7.272770385742187500e+02
5.548569869995117188e+01
4.122649383544921875e+01
4.274075317382812500e+01
1.019927062988281250e+02
1.547295532226562500e+02
1.453435516357421875e+02
3.145308837890625000e+02
2.652243347167968750e+02
1.786645126342773438e+01
4.545410633087158203e+00
1.019157695770263672e+01
1.175874233245849609e+01
7.149890899658203125e+00
1.473630714416503906e+01
1.062247657775878906e+01
1.018123703002929688e+02
5.983140182495117188e+01
3.645579099655151367e+00
7.365814685821533203e+00
7.945171833038330078e+00
6.731918811798095703e+00
5.021738529205322266e+00
3.718387126922607422e+00
4.647477626800537109e+00
3.020819425582885742e+00
2.932732105255126953e+00
3.114881992340087891e+00
3.838653564453125000e+00
2.586031436920166016e+00
3.662640154361724854e-01
9.919768571853637695e-01
6.645427346229553223e-01
4.454249441623687744e-01
3.572265803813934326e-01
3.232481479644775391e-01
4.249442815780639648e-01
6.937057375907897949e-01
8.732979297637939453e-01
8.051502108573913574e-01
8.622490167617797852e-01
1.029534816741943359e+00
7.857935428619384766e-01
4.992756247520446777e-01
9.942049384117126465e-01
1.384480237960815430e+00
2.447267055511474609e+00
1.042987227439880371e+00
1.002255320549011230e+00
1.467923283576965332e+00
1.591545104980468750e+00
1.336888551712036133e+00
5.272381305694580078e-01
2.156176567077636719e-01
2.492477893829345703e-01
3.307569026947021484e-01
3.393788337707519531e-01
3.161361217498779297e-01
1.689272671937942505e-01
2.031294554471969604e-01
2.372134625911712646e-01
2.527333796024322510e-01
9.187114983797073364e-02
1.415502578020095825e-01
2.383612990379333496e-01
