3.681126953125000000e+03
6.234771972656250000e+03
2.588481250000000000e+04
9.820632031250000000e+04
2.104553281250000000e+05
1.854629531250000000e+05
6.439522500000000000e+05
1.392130000000000000e+06
1.468714500000000000e+06
3.538547500000000000e+05
6.122571093750000000e+04
2.459072500000000000e+05
6.061665625000000000e+05
2.009488437500000000e+05
2.532163750000000000e+05
4.765463125000000000e+05
4.664626875000000000e+05
2.831534062500000000e+05
1.259055468750000000e+05
6.133021484375000000e+04
8.907011718750000000e+04
1.079256953125000000e+05
8.585871875000000000e+04
1.202297734375000000e+05
7.588833593750000000e+04
5.256873828125000000e+04
9.628907031250000000e+04
1.615221406250000000e+05
2.682579687500000000e+04
1.893974804687500000e+04
4.833561718750000000e+04
2.547859570312500000e+04
8.435465820312500000e+03
5.619090332031250000e+03
6.849869628906250000e+03
5.748341796875000000e+04
6.991570312500000000e+04
1.096795019531250000e+04
9.389930664062500000e+03
4.870429199218750000e+03
3.558574462890625000e+03
3.851195556640625000e+03
5.002768554687500000e+03
5.079825195312500000e+03
1.419565625000000000e+04
1.262552734375000000e+04
2.068631835937500000e+04
1.970116601562500000e+04
9.024856250000000000e+04
1.417998281250000000e+05
6.708832031250000000e+04
4.027320703125000000e+04
3.097950000000000000e+04
2.158980859375000000e+04
1.705831054687500000e+04
1.167947265625000000e+04
2.674644140625000000e+04
9.291596679687500000e+03
7.707248535156250000e+03
1.006249804687500000e+04
1.870475781250000000e+04
2.501085937500000000e+04
2.423015234375000000e+04
1.527001074218750000e+04
1.333212792968750000e+04
1.100003320312500000e+04
9.212241210937500000e+03
7.631066406250000000e+03
5.827020507812500000e+03
7.091052246093750000e+03
4.533339843750000000e+03
4.924956054687500000e+03
5.108854980468750000e+03
5.418099609375000000e+03
5.958031250000000000e+03
5.966978515625000000e+03
5.846606933593750000e+03
5.668445800781250000e+03
6.039992187500000000e+03
6.534284667968750000e+03
6.832229003906250000e+03
6.752774414062500000e+03
5.429286621093750000e+03
3.624494628906250000e+03
2.516392578125000000e+03
1.914014282226562500e+03
1.323512939453125000e+03
1.928433227539062500e+03
8.924671630859375000e+02
4.782564941406250000e+03
8.621313476562500000e+03
2.535910888671875000e+03
