1.538365364074707031e+01
4.016239929199218750e+01
4.617172241210937500e+01
4.209037399291992188e+01
3.754213714599609375e+01
4.872192382812500000e+01
6.526804351806640625e+01
8.307801055908203125e+01
1.114915924072265625e+02
8.164512634277343750e+01
8.602086639404296875e+01
2.741925964355468750e+02
2.346876831054687500e+02
1.842858276367187500e+02
2.355796508789062500e+02
2.349406433105468750e+02
1.303037261962890625e+02
1.018329544067382812e+02
1.002976989746093750e+02
7.734098815917968750e+01
1.048806076049804688e+02
1.333297119140625000e+02
1.049789962768554688e+02
9.683805847167968750e+01
9.849918365478515625e+01
3.798236083984375000e+01
4.923457145690917969e+00
5.363588333129882812e+00
9.070878982543945312e+00
1.163000106811523438e+01
1.959570503234863281e+01
1.872898674011230469e+01
1.656473350524902344e+01
2.700548362731933594e+01
8.006172943115234375e+01
5.580695724487304688e+01
2.712555694580078125e+01
8.982868194580078125e+00
3.294759988784790039e+00
4.920051097869873047e+00
6.822643756866455078e+00
3.604930400848388672e+00
9.904838204383850098e-01
1.629872083663940430e+00
3.066569805145263672e+00
6.147292137145996094e+00
2.655049085617065430e+00
1.285977840423583984e+00
1.105183005332946777e+00
2.697202444076538086e+00
2.048449039459228516e+00
5.452960014343261719e+00
1.862881660461425781e+00
1.314053654670715332e+00
2.446444034576416016e+00
1.944335699081420898e+00
4.356617033481597900e-01
4.128353297710418701e-01
5.135108828544616699e-01
5.556739568710327148e-01
9.097321033477783203e-01
1.088196516036987305e+00
5.080502033233642578e-01
1.348100453615188599e-01
1.108795776963233948e-01
1.531231701374053955e-01
2.952995002269744873e-01
2.753269672393798828e-01
1.878376603126525879e-01
8.343793451786041260e-02
6.218953803181648254e-02
1.162954419851303101e-01
8.403716236352920532e-02
1.157189235091209412e-01
1.965610980987548828e-01
2.479663044214248657e-01
2.332234382629394531e-01
3.186677694320678711e-01
2.362426370382308960e-01
6.866659522056579590e-01
7.647262215614318848e-01
4.484309256076812744e-01
1.230287402868270874e-01
6.162719056010246277e-02
9.241445362567901611e-02
1.187292933464050293e-01
8.197613805532455444e-02
8.279592543840408325e-02
7.855269312858581543e-02
6.438442319631576538e-02
6.380812823772430420e-02
6.973829865455627441e-02
