2.175320129394531250e+02
6.359998168945312500e+02
4.176620178222656250e+02
2.566333007812500000e+02
3.212428894042968750e+02
3.570927124023437500e+02
1.957434387207031250e+02
1.510276947021484375e+02
1.153492584228515625e+02
1.033709945678710938e+02
8.093829345703125000e+01
7.166776275634765625e+01
6.591071319580078125e+01
5.958010864257812500e+01
5.239761352539062500e+01
4.384438323974609375e+01
3.423848342895507812e+01
2.514660072326660156e+01
1.860138130187988281e+01
2.881683349609375000e+01
2.422187232971191406e+01
1.114626216888427734e+01
8.509657859802246094e+00
6.294436454772949219e+00
5.115324974060058594e+00
4.755034923553466797e+00
4.700184822082519531e+00
4.455201148986816406e+00
3.976779699325561523e+00
3.353507995605468750e+00
2.660533189773559570e+00
2.076848030090332031e+00
1.507693409919738770e+00
1.083758115768432617e+00
8.361278176307678223e-01
7.708457112312316895e-01
8.167955279350280762e-01
9.072045087814331055e-01
1.004842400550842285e+00
1.042309522628784180e+00
9.642707109451293945e-01
8.555442690849304199e-01
7.580280303955078125e-01
7.210119366645812988e-01
7.371746301651000977e-01
7.261179685592651367e-01
6.748031973838806152e-01
5.565644502639770508e-01
4.117605090141296387e-01
2.994672656059265137e-01
2.154204845428466797e-01
1.893962770700454712e-01
1.965442597866058350e-01
2.008173465728759766e-01
2.020589560270309448e-01
1.826281696557998657e-01
1.500187367200851440e-01
1.535686105489730835e-01
2.440841048955917358e-01
3.971623480319976807e-01
5.152484774589538574e-01
5.491151809692382812e-01
4.928663671016693115e-01
3.976200222969055176e-01
2.837386131286621094e-01
1.875524669885635376e-01
1.186685785651206970e-01
6.938073039054870605e-02
4.882894083857536316e-02
4.210744425654411316e-02
4.258723556995391846e-02
3.950807452201843262e-02
3.231767937541007996e-02
2.090624533593654633e-02
1.195027213543653488e-02
7.380901370197534561e-03
7.829589769244194031e-03
5.370500497519969940e-03
1.099278405308723450e-02
7.962942123413085938e-03
2.970551513135433197e-02
2.153994701802730560e-02
1.541570480912923813e-02
7.128749042749404907e-03
9.264042600989341736e-03
2.335228770971298218e-02
1.254037022590637207e-02
5.712800659239292145e-03
9.795285761356353760e-03
5.753387697041034698e-03
4.919491708278656006e-03
7.384923752397298813e-03
