3.476480484008789062e+01
5.559722900390625000e+01
4.359729766845703125e+01
8.404916381835937500e+01
1.015191726684570312e+02
7.877075195312500000e+01
6.802108001708984375e+01
6.316370010375976562e+01
9.358506774902343750e+01
6.548502349853515625e+01
9.662536621093750000e+01
1.351511535644531250e+02
9.599555206298828125e+01
5.768738937377929688e+01
1.342991943359375000e+02
1.343264007568359375e+02
8.959329223632812500e+01
6.261032867431640625e+01
4.643587112426757812e+01
3.187750434875488281e+01
4.287445068359375000e+01
3.929229736328125000e+01
5.358751678466796875e+01
8.216619110107421875e+01
4.171365737915039062e+01
7.454468727111816406e+00
1.054387187957763672e+01
1.093272972106933594e+01
1.622080802917480469e+01
2.913346099853515625e+01
7.125809478759765625e+01
6.311241531372070312e+01
3.614632034301757812e+01
1.532615661621093750e+01
3.440483808517456055e+00
5.423613548278808594e+00
7.383728504180908203e+00
2.216399669647216797e+00
1.054637908935546875e+00
1.626879453659057617e+00
2.426773309707641602e+00
9.873660206794738770e-01
1.137353420257568359e+00
1.794583082199096680e+00
1.824099659919738770e+00
1.432683825492858887e+00
1.512251019477844238e+00
1.620396852493286133e+00
8.940955400466918945e-01
3.585306107997894287e-01
1.125828847289085388e-01
1.221687570214271545e-01
2.069664150476455688e-01
3.502993285655975342e-01
4.032259285449981689e-01
6.574003696441650391e-01
5.439808368682861328e-01
3.696701228618621826e-01
3.982475101947784424e-01
3.369984328746795654e-01
1.534035354852676392e-01
1.511165499687194824e-01
1.291051506996154785e-01
1.819617599248886108e-01
1.545629948377609253e-01
7.823470234870910645e-02
6.760820001363754272e-02
5.954604968428611755e-02
3.417110443115234375e-02
3.143027797341346741e-02
7.739206403493881226e-02
6.363940984010696411e-02
1.149451658129692078e-01
1.455804705619812012e-01
9.816674888134002686e-02
7.762879878282546997e-02
1.089060977101325989e-01
5.862973630428314209e-02
6.221319735050201416e-02
8.065647631883621216e-02
3.448791056871414185e-02
3.252387791872024536e-02
4.685203731060028076e-02
6.595300883054733276e-02
8.902975171804428101e-02
1.222845092415809631e-01
7.088873535394668579e-02
3.560474514961242676e-02
3.919132798910140991e-02
6.597929447889328003e-02
7.586260139942169189e-02
4.500056430697441101e-02
