1.479869384765625000e+02
1.209476547241210938e+02
9.692558288574218750e+01
9.588146972656250000e+01
1.679689331054687500e+02
1.993775329589843750e+02
1.730847015380859375e+02
2.240123596191406250e+02
2.190576324462890625e+02
1.908431091308593750e+02
1.485644989013671875e+02
1.255305175781250000e+02
8.582370758056640625e+01
8.237698364257812500e+01
1.069758911132812500e+02
1.527031402587890625e+02
1.791833343505859375e+02
1.279547653198242188e+02
6.387596130371093750e+01
2.523920822143554688e+01
2.088550090789794922e+00
2.385000228881835938e+01
4.149880599975585938e+01
3.179257583618164062e+01
4.676014328002929688e+01
1.032254943847656250e+02
9.232027435302734375e+01
6.248564910888671875e+01
4.242413711547851562e+01
3.107906532287597656e+01
1.554491424560546875e+01
7.716044902801513672e+00
5.614759922027587891e+00
4.015330791473388672e+00
1.202925205230712891e+01
1.140009498596191406e+01
3.592041015625000000e+00
3.593211889266967773e+00
4.695346355438232422e+00
4.720747947692871094e+00
3.599936008453369141e+00
1.796615481376647949e+00
2.343334913253784180e+00
4.664708614349365234e+00
6.262031078338623047e+00
3.645579099655151367e+00
4.795699596405029297e+00
4.684262752532958984e+00
2.057394027709960938e+00
1.195204019546508789e+00
1.093594074249267578e+00
1.347892522811889648e+00
1.887258410453796387e+00
2.134868621826171875e+00
1.676247596740722656e+00
8.579762578010559082e-01
3.676390945911407471e-01
1.490874439477920532e-01
4.352935254573822021e-01
5.187535285949707031e-01
4.454249441623687744e-01
3.572265803813934326e-01
3.232481479644775391e-01
4.249442815780639648e-01
6.937057375907897949e-01
8.732979297637939453e-01
8.051502108573913574e-01
8.622490167617797852e-01
1.029534816741943359e+00
7.857935428619384766e-01
4.992756247520446777e-01
7.492893934249877930e-01
1.052810430526733398e+00
1.371537804603576660e+00
8.044069409370422363e-01
1.002255320549011230e+00
1.467923283576965332e+00
1.591545104980468750e+00
1.336888551712036133e+00
5.272381305694580078e-01
2.156176567077636719e-01
2.191653996706008911e-01
2.090696394443511963e-01
3.393788337707519531e-01
3.161361217498779297e-01
1.689272671937942505e-01
1.353734582662582397e-01
2.372134625911712646e-01
2.527333796024322510e-01
9.187114983797073364e-02
1.415502578020095825e-01
2.383612990379333496e-01
