1.847435455322265625e+02
2.746087646484375000e+02
3.958105773925781250e+02
4.332268981933593750e+02
3.611639404296875000e+02
2.662160644531250000e+02
2.223878936767578125e+02
1.804752349853515625e+02
2.818985900878906250e+02
2.907705688476562500e+02
1.766943359375000000e+02
1.493191375732421875e+02
1.164021453857421875e+02
9.069023132324218750e+01
1.749455261230468750e+02
3.296303405761718750e+02
2.281395111083984375e+02
1.121946868896484375e+02
9.360594940185546875e+01
8.654784393310546875e+01
7.417588806152343750e+01
6.145003128051757812e+01
7.456060791015625000e+01
2.036432800292968750e+02
3.391411437988281250e+02
2.322095794677734375e+02
2.423328094482421875e+02
3.431427307128906250e+02
3.568561401367187500e+02
2.255354003906250000e+02
1.074096221923828125e+02
1.062407836914062500e+02
1.149897994995117188e+02
8.167390441894531250e+01
2.391934776306152344e+01
1.967361068725585938e+01
1.555447387695312500e+01
1.725867843627929688e+01
2.568947410583496094e+01
3.350645828247070312e+01
1.312462043762207031e+01
1.305235671997070312e+01
1.685693550109863281e+01
2.015112495422363281e+01
1.920966529846191406e+01
9.820306777954101562e+00
4.380743026733398438e+00
5.008442401885986328e+00
4.496775150299072266e+00
7.794034957885742188e+00
6.489571571350097656e+00
3.061203241348266602e+00
2.624306678771972656e+00
1.160093784332275391e+01
1.797463798522949219e+01
1.890611267089843750e+01
7.553040981292724609e+00
1.745622873306274414e+00
2.610865592956542969e+00
1.455492973327636719e+00
1.601753115653991699e+00
1.468255996704101562e+00
1.971768021583557129e+00
2.315656661987304688e+00
1.728769540786743164e+00
1.911304235458374023e+00
1.847132921218872070e+00
1.247396469116210938e+00
3.688352704048156738e-01
4.677930772304534912e-01
4.910602271556854248e-01
3.438342511653900146e-01
3.634183108806610107e-01
1.577837020158767700e-01
2.831272780895233154e-02
8.979930728673934937e-02
3.139490187168121338e-01
4.494387805461883545e-01
4.496254622936248779e-01
2.478822916746139526e-01
2.188051491975784302e-01
2.287080734968185425e-01
5.786094069480895996e-02
7.527772337198257446e-02
8.514665812253952026e-02
1.193758323788642883e-01
1.944456696510314941e-01
2.163292765617370605e-01
3.584175407886505127e-01
4.812015593051910400e-01
3.946823477745056152e-01
1.992934644222259521e-01
