2.005958398437500000e+04
4.281763281250000000e+04
2.811014062500000000e+04
2.360094921875000000e+04
2.303392773437500000e+04
1.753909375000000000e+04
4.819087890625000000e+04
5.106396484375000000e+04
5.889679687500000000e+03
6.356399536132812500e+02
8.575886840820312500e+02
7.289064941406250000e+02
3.286201171875000000e+02
1.399983673095703125e+02
1.355158996582031250e+02
1.176962738037109375e+02
1.005079727172851562e+02
8.581336975097656250e+01
7.243948364257812500e+01
5.929903030395507812e+01
4.613635635375976562e+01
6.331753921508789062e+01
8.650733947753906250e+01
2.034767913818359375e+01
7.585775852203369141e+00
9.042425155639648438e+00
8.108213424682617188e+00
2.450266599655151367e+00
9.657425284385681152e-01
1.341148376464843750e+00
5.321537852287292480e-01
3.556103110313415527e-01
7.100065946578979492e-01
2.851104438304901123e-01
6.078878641128540039e-01
7.300513982772827148e-01
5.559661984443664551e-01
5.138885974884033203e-01
4.527421295642852783e-01
3.362975120544433594e-01
2.699673473834991455e-01
3.220040202140808105e-01
2.579901516437530518e-01
2.372877597808837891e-01
2.718043923377990723e-01
1.514415591955184937e-01
1.003647148609161377e-01
1.833230257034301758e-01
1.755657494068145752e-01
8.515201508998870850e-02
1.035974919795989990e-01
1.712222695350646973e-01
2.594559490680694580e-01
4.237413704395294189e-01
7.590740323066711426e-01
3.812337517738342285e-01
7.917030155658721924e-02
1.332758665084838867e-01
1.003170162439346313e-01
4.450680688023567200e-02
1.014022454619407654e-01
1.503474414348602295e-01
1.351486146450042725e-01
6.453941762447357178e-02
4.738407954573631287e-02
3.552410379052162170e-02
1.665583997964859009e-02
1.018790062516927719e-02
1.007061637938022614e-02
1.835973747074604034e-02
1.783668994903564453e-02
1.012360677123069763e-02
1.478088926523923874e-02
1.982949301600456238e-02
1.644665002822875977e-02
7.305840495973825455e-03
1.748188771307468414e-02
1.469725277274847031e-02
4.918216262012720108e-03
5.017838906496763229e-03
5.145381204783916473e-03
2.428620820865035057e-03
1.835157745517790318e-03
2.022726926952600479e-03
2.238121349364519119e-03
3.376458305865526199e-03
2.063359692692756653e-02
4.973995313048362732e-02
1.018317639827728271e-01
6.220308691263198853e-02
2.763627283275127411e-02
6.028497964143753052e-02
