1.935794375000000000e+05
2.845300937500000000e+05
2.599979218750000000e+05
2.457084843750000000e+05
3.267552812500000000e+05
5.475908750000000000e+05
6.368295000000000000e+05
8.003560000000000000e+05
1.105232250000000000e+06
2.677922187500000000e+05
3.893945312500000000e+04
1.353886816406250000e+04
1.869423828125000000e+04
3.788101562500000000e+04
8.034396093750000000e+04
9.630891406250000000e+04
6.511313671875000000e+04
2.833534179687500000e+04
1.791592382812500000e+04
1.925972656250000000e+04
1.663228515625000000e+04
1.953379492187500000e+04
1.475972265625000000e+04
7.242661132812500000e+03
5.338325195312500000e+03
5.919725097656250000e+03
6.991503906250000000e+03
7.965861328125000000e+03
6.933968750000000000e+03
3.869194091796875000e+03
3.303802978515625000e+03
3.575320800781250000e+03
4.616403320312500000e+03
5.076434570312500000e+03
4.882470703125000000e+03
4.277025878906250000e+03
3.385065673828125000e+03
2.474206787109375000e+03
1.722510009765625000e+03
1.101958496093750000e+03
6.298857421875000000e+02
4.733224487304687500e+02
5.114584655761718750e+02
5.605135498046875000e+02
5.595499267578125000e+02
4.823651733398437500e+02
3.558447570800781250e+02
2.121553039550781250e+02
2.438928985595703125e+02
3.056900634765625000e+02
2.963505249023437500e+02
2.697371215820312500e+02
1.672917175292968750e+02
4.611985473632812500e+02
5.820759277343750000e+02
1.564925384521484375e+02
1.674228820800781250e+02
1.660986480712890625e+02
2.033453216552734375e+02
1.800331115722656250e+02
1.115176544189453125e+02
6.794824981689453125e+01
5.038624191284179688e+01
7.405747985839843750e+01
1.030968093872070312e+02
1.324210968017578125e+02
1.695846557617187500e+02
1.646758270263671875e+02
1.420889587402343750e+02
1.693950347900390625e+02
1.039009399414062500e+02
8.407196807861328125e+01
6.669886016845703125e+01
5.236082077026367188e+01
4.149877166748046875e+01
3.713707351684570312e+01
3.287020492553710938e+01
2.527003860473632812e+01
2.422527122497558594e+01
2.173405456542968750e+01
2.620606422424316406e+01
3.783218002319335938e+01
4.208507156372070312e+01
3.590422821044921875e+01
2.180380630493164062e+01
1.383334255218505859e+01
1.824657821655273438e+01
1.062050056457519531e+01
1.503205966949462891e+01
2.584907722473144531e+01
2.995811462402343750e+01
2.493433189392089844e+01
