8.958295898437500000e+03
1.483333750000000000e+05
3.247663750000000000e+05
1.840397343750000000e+05
1.904560781250000000e+05
1.501524843750000000e+05
2.759678125000000000e+05
3.978140000000000000e+05
5.022390312500000000e+05
4.337122500000000000e+05
2.659319062500000000e+05
1.674952968750000000e+05
1.232150703125000000e+05
1.703379531250000000e+05
7.669292187500000000e+04
5.938548437500000000e+04
5.286699609375000000e+04
3.570131250000000000e+04
2.352364257812500000e+04
2.226353710937500000e+04
2.377616210937500000e+04
1.890579296875000000e+04
1.413757519531250000e+04
9.257425781250000000e+03
8.044000976562500000e+03
7.391786621093750000e+03
6.847878906250000000e+03
8.815177734375000000e+03
1.019734960937500000e+04
8.008898925781250000e+03
5.612698242187500000e+03
3.935760986328125000e+03
2.040957031250000000e+03
2.074479003906250000e+03
1.920335815429687500e+03
1.997753417968750000e+03
1.454639648437500000e+03
1.060266113281250000e+03
1.303316772460937500e+03
4.442083984375000000e+03
2.690134521484375000e+03
1.460596435546875000e+03
1.101417236328125000e+03
8.286946411132812500e+02
6.897960815429687500e+02
1.369410278320312500e+03
2.104033447265625000e+03
1.403568969726562500e+03
1.331070556640625000e+03
1.270614501953125000e+03
1.190408569335937500e+03
1.332613891601562500e+03
1.672346557617187500e+03
1.635672851562500000e+03
3.068614990234375000e+03
3.578829101562500000e+03
3.651258056640625000e+03
5.205670410156250000e+03
8.624984375000000000e+03
1.275660156250000000e+04
1.422866796875000000e+04
1.452556347656250000e+04
1.501854589843750000e+04
1.447486621093750000e+04
1.288710937500000000e+04
1.144790527343750000e+04
1.043152441406250000e+04
9.095665039062500000e+03
7.677125976562500000e+03
7.010581054687500000e+03
6.602949218750000000e+03
6.563183105468750000e+03
6.736323730468750000e+03
6.687315429687500000e+03
6.657281250000000000e+03
5.927725097656250000e+03
5.438875488281250000e+03
5.221996582031250000e+03
5.261836914062500000e+03
5.256410644531250000e+03
5.234226562500000000e+03
5.442834472656250000e+03
4.918132812500000000e+03
4.682919921875000000e+03
4.616034667968750000e+03
4.348898437500000000e+03
4.123407714843750000e+03
3.604042724609375000e+03
3.167409423828125000e+03
4.054314941406250000e+03
3.992370117187500000e+03
2.963100830078125000e+03
