1.908775937500000000e+05
1.489257031250000000e+05
1.814527968750000000e+05
1.775716093750000000e+05
1.642175468750000000e+05
1.458619218750000000e+05
1.267727343750000000e+05
1.042283671875000000e+05
1.313516875000000000e+05
2.300479531250000000e+05
4.015882500000000000e+05
7.088635000000000000e+05
4.464821562500000000e+05
5.536031250000000000e+04
1.674188671875000000e+04
6.571137500000000000e+04
7.664056250000000000e+04
1.514913281250000000e+04
2.271504101562500000e+04
2.645590039062500000e+04
6.138480078125000000e+04
1.924183007812500000e+04
3.310188232421875000e+03
4.500826171875000000e+03
5.070440917968750000e+03
5.231847656250000000e+03
4.825979492187500000e+03
3.815563232421875000e+03
2.693258300781250000e+03
2.336374023437500000e+03
1.465701904296875000e+03
1.255267089843750000e+03
1.175055297851562500e+03
1.000723999023437500e+03
1.001985595703125000e+03
1.053450317382812500e+03
9.465287475585937500e+02
7.628410034179687500e+02
5.856414184570312500e+02
4.604393615722656250e+02
3.871227111816406250e+02
3.588223571777343750e+02
3.427531433105468750e+02
3.900831298828125000e+02
4.177616271972656250e+02
4.219053344726562500e+02
3.968167114257812500e+02
3.454319152832031250e+02
2.792826232910156250e+02
2.151571655273437500e+02
1.649822692871093750e+02
1.255105895996093750e+02
8.715701293945312500e+01
6.658011627197265625e+01
8.258096313476562500e+01
1.020751419067382812e+02
1.028576736450195312e+02
1.068296279907226562e+02
1.215558624267578125e+02
1.269968338012695312e+02
1.217476119995117188e+02
1.076838684082031250e+02
8.828633880615234375e+01
7.811472320556640625e+01
7.087203216552734375e+01
6.395014953613281250e+01
6.024408721923828125e+01
5.872642135620117188e+01
5.630981445312500000e+01
5.292333602905273438e+01
4.819878387451171875e+01
4.269567871093750000e+01
3.654181289672851562e+01
2.924500274658203125e+01
2.087298202514648438e+01
1.280545902252197266e+01
1.379259014129638672e+01
1.436979293823242188e+01
1.507503032684326172e+01
1.788747978210449219e+01
2.271205711364746094e+01
2.764862060546875000e+01
3.196874618530273438e+01
3.523683166503906250e+01
3.565819168090820312e+01
3.200731658935546875e+01
2.511532211303710938e+01
1.938819122314453125e+01
2.085144042968750000e+01
2.142117691040039062e+01
2.370113563537597656e+01
2.531891441345214844e+01
