2.312910000000000000e+05
6.190201250000000000e+05
4.199785937500000000e+05
2.985537500000000000e+05
2.871974062500000000e+05
1.855867656250000000e+05
1.288725781250000000e+05
8.652698437500000000e+04
7.525350781250000000e+04
1.550921250000000000e+05
4.163610000000000000e+05
8.024755000000000000e+05
6.616886875000000000e+05
2.514462187500000000e+05
9.104934375000000000e+04
4.116271484375000000e+04
3.947660937500000000e+04
4.914760937500000000e+04
4.839948828125000000e+04
3.809107812500000000e+04
3.111022070312500000e+04
1.013798144531250000e+04
6.540017089843750000e+03
6.283636230468750000e+03
4.963052246093750000e+03
2.667106445312500000e+03
1.801567260742187500e+03
1.308367309570312500e+03
1.307035400390625000e+03
1.907814575195312500e+03
3.478421630859375000e+03
3.391895751953125000e+03
2.825739501953125000e+03
1.923723999023437500e+03
1.047003784179687500e+03
5.445690917968750000e+02
3.721831665039062500e+02
2.669242553710937500e+02
2.998005371093750000e+02
3.031242370605468750e+02
2.864435424804687500e+02
3.378135681152343750e+02
4.564678955078125000e+02
4.982671203613281250e+02
3.044301757812500000e+02
2.768355407714843750e+02
2.404983825683593750e+02
1.882884063720703125e+02
1.981108703613281250e+02
1.419992065429687500e+02
1.505356292724609375e+02
2.514433898925781250e+02
2.854622497558593750e+02
1.303006591796875000e+02
3.717378234863281250e+01
6.408222961425781250e+01
8.237294769287109375e+01
1.034292526245117188e+02
2.321675720214843750e+02
3.465404663085937500e+02
3.069135437011718750e+02
1.953693237304687500e+02
1.592353363037109375e+02
1.791905822753906250e+02
1.527403869628906250e+02
8.126993560791015625e+01
2.977080154418945312e+01
2.280050849914550781e+01
3.047188186645507812e+01
3.491421890258789062e+01
4.928571701049804688e+01
5.932662963867187500e+01
3.984840393066406250e+01
3.017602348327636719e+01
3.174804496765136719e+01
3.123247337341308594e+01
2.811585235595703125e+01
2.258428955078125000e+01
1.589544963836669922e+01
4.275705337524414062e+01
5.352066802978515625e+01
2.955216217041015625e+01
1.009819602966308594e+01
8.662887573242187500e+00
1.534525394439697266e+01
1.113053417205810547e+01
1.717731857299804688e+01
2.183810615539550781e+01
2.398717689514160156e+01
2.294730758666992188e+01
1.953547859191894531e+01
2.905878639221191406e+01
