3.660095214843750000e+02
2.529305468750000000e+04
4.567134375000000000e+04
4.217964453125000000e+04
1.322676464843750000e+04
7.117869628906250000e+03
3.711965576171875000e+03
8.674203125000000000e+03
1.111005859375000000e+04
2.313341796875000000e+04
3.561474218750000000e+04
5.320695312500000000e+04
4.991233203125000000e+04
5.315286718750000000e+04
3.712230859375000000e+04
2.344238085937500000e+04
8.427058593750000000e+03
2.924685546875000000e+03
7.782097167968750000e+02
1.170726394653320312e+02
7.379443969726562500e+02
2.014678710937500000e+03
3.687430908203125000e+03
4.133312011718750000e+03
3.196993408203125000e+03
1.999434082031250000e+03
1.256919677734375000e+03
6.488177490234375000e+02
2.387052154541015625e+02
2.159873809814453125e+02
1.788875885009765625e+02
1.516220092773437500e+02
2.689985961914062500e+02
1.686755523681640625e+02
1.723066253662109375e+02
1.235917739868164062e+02
1.241090087890625000e+02
1.458470611572265625e+02
1.523209228515625000e+02
1.653137512207031250e+02
2.927595214843750000e+02
3.486471862792968750e+02
2.934427185058593750e+02
2.593107604980468750e+02
1.974072723388671875e+02
9.984261322021484375e+01
7.768167114257812500e+01
9.432030487060546875e+01
1.734479713439941406e+01
2.202528953552246094e+01
2.870550346374511719e+01
2.075873947143554688e+01
2.038790321350097656e+01
4.276924133300781250e+01
2.379625701904296875e+01
3.630730819702148438e+01
2.307214927673339844e+01
4.006759262084960938e+01
4.337718963623046875e+01
8.767044830322265625e+01
8.520928192138671875e+01
4.503060531616210938e+01
1.398060150146484375e+02
1.051044006347656250e+02
6.295318603515625000e+01
5.638665390014648438e+01
6.234636306762695312e+01
6.420077514648437500e+01
6.635691833496093750e+01
7.023873138427734375e+01
7.488494873046875000e+01
9.591686248779296875e+01
1.159827346801757812e+02
2.127923736572265625e+02
1.785706634521484375e+02
1.518588409423828125e+02
2.385420074462890625e+02
2.029178009033203125e+02
1.913555145263671875e+02
1.903810729980468750e+02
2.649517517089843750e+02
1.138623580932617188e+02
3.078706054687500000e+02
5.440839843750000000e+02
6.976954345703125000e+02
6.318815307617187500e+02
7.395011596679687500e+02
7.490100097656250000e+02
3.842788696289062500e+02
4.493683471679687500e+02
3.159625549316406250e+02
4.564607543945312500e+02
