2.040516235351562500e+03
1.845039375000000000e+05
3.826510937500000000e+05
3.006576250000000000e+05
3.434310312500000000e+05
5.191024062500000000e+05
6.565801875000000000e+05
5.771359375000000000e+05
3.987263125000000000e+05
3.645383437500000000e+05
5.761341250000000000e+05
5.745447500000000000e+05
3.042455937500000000e+05
2.347624687500000000e+05
1.354262343750000000e+05
1.007608906250000000e+05
1.298630937500000000e+05
1.677322187500000000e+05
1.628415000000000000e+05
1.251822343750000000e+05
6.786728125000000000e+04
2.157936523437500000e+04
4.485078906250000000e+04
6.647873437500000000e+04
8.571415625000000000e+04
7.506405468750000000e+04
4.044608593750000000e+04
2.530908789062500000e+04
2.312489843750000000e+04
1.680317382812500000e+04
3.538506250000000000e+04
6.798765625000000000e+04
6.038828906250000000e+04
3.955935937500000000e+04
1.438744238281250000e+04
2.569017822265625000e+03
2.889704101562500000e+03
4.030474121093750000e+03
5.047854492187500000e+03
6.712370117187500000e+03
7.744229980468750000e+03
6.382474121093750000e+03
4.011392822265625000e+03
2.696707031250000000e+03
2.620530273437500000e+03
2.483068603515625000e+03
2.163438476562500000e+03
2.046614746093750000e+03
2.196591796875000000e+03
2.446413574218750000e+03
2.774304443359375000e+03
3.546670410156250000e+03
1.288953735351562500e+03
1.136432617187500000e+03
1.164239379882812500e+03
1.104897949218750000e+03
7.736970214843750000e+02
5.094642639160156250e+02
5.355457763671875000e+02
2.103436431884765625e+02
4.174871215820312500e+02
5.685742797851562500e+02
8.451291503906250000e+02
8.657489013671875000e+02
2.168985351562500000e+03
8.223479614257812500e+02
9.403184814453125000e+02
8.656124267578125000e+02
1.526947143554687500e+03
2.700134765625000000e+03
7.000309448242187500e+02
6.229206542968750000e+02
7.984410400390625000e+02
7.389933471679687500e+02
6.055251464843750000e+02
1.332804809570312500e+03
7.355186157226562500e+02
3.489321899414062500e+02
6.684544677734375000e+02
6.879671630859375000e+02
7.611755371093750000e+02
9.206715087890625000e+02
2.717454833984375000e+02
2.765126953125000000e+02
2.892552490234375000e+02
6.915516967773437500e+02
6.923828125000000000e+02
6.550032348632812500e+02
1.113309936523437500e+03
9.869063720703125000e+02
1.210838500976562500e+03
1.330769409179687500e+03
