1.365164250000000000e+06
3.918283437500000000e+05
5.179749687500000000e+05
4.191815000000000000e+05
2.784632187500000000e+05
2.143140000000000000e+05
1.532210937500000000e+05
1.341174218750000000e+05
1.555867031250000000e+05
2.584903281250000000e+05
4.233457812500000000e+05
6.931031875000000000e+05
5.622561250000000000e+05
1.729130625000000000e+05
1.151761562500000000e+05
7.440141406250000000e+04
5.639456250000000000e+04
4.889213281250000000e+04
4.406810937500000000e+04
3.166650195312500000e+04
3.069809765625000000e+04
8.943205078125000000e+03
3.602702148437500000e+03
6.200230468750000000e+03
6.850112304687500000e+03
5.694982421875000000e+03
4.034778808593750000e+03
3.376108398437500000e+03
2.564064941406250000e+03
1.924317016601562500e+03
1.666103515625000000e+03
1.191004272460937500e+03
1.473684204101562500e+03
1.912967773437500000e+03
2.104358154296875000e+03
1.953311645507812500e+03
1.551142333984375000e+03
1.075586425781250000e+03
6.879967041015625000e+02
4.873382568359375000e+02
4.860209045410156250e+02
5.826188964843750000e+02
5.851408691406250000e+02
5.140894775390625000e+02
4.085225830078125000e+02
2.985569763183593750e+02
3.459394836425781250e+02
4.082385559082031250e+02
4.067637329101562500e+02
3.514267272949218750e+02
2.662598571777343750e+02
2.413471221923828125e+02
1.392388153076171875e+02
1.876972961425781250e+02
3.562441406250000000e+02
2.519364013671875000e+02
3.102514953613281250e+02
3.397702636718750000e+02
3.224706420898437500e+02
2.629859924316406250e+02
1.850424346923828125e+02
1.127472152709960938e+02
8.134153747558593750e+01
8.062260437011718750e+01
7.675046539306640625e+01
6.523186492919921875e+01
6.895944213867187500e+01
9.209433746337890625e+01
1.058568115234375000e+02
1.027562942504882812e+02
8.586483764648437500e+01
6.321298599243164062e+01
5.354634857177734375e+01
4.964058685302734375e+01
4.210322952270507812e+01
3.549601745605468750e+01
3.154610252380371094e+01
2.916312026977539062e+01
2.882218360900878906e+01
2.570403480529785156e+01
2.504960823059082031e+01
2.778358268737792969e+01
2.831436347961425781e+01
3.007213592529296875e+01
3.009081649780273438e+01
2.629154205322265625e+01
2.060857009887695312e+01
1.558530807495117188e+01
1.733453750610351562e+01
2.200331306457519531e+01
2.850504875183105469e+01
3.180781936645507812e+01
