1.353962812500000000e+05
2.089664687500000000e+05
2.235179843750000000e+05
2.269536718750000000e+05
2.385614062500000000e+05
2.669451875000000000e+05
3.057077812500000000e+05
5.639853125000000000e+05
9.320983750000000000e+05
1.062831718750000000e+05
3.314475000000000000e+04
9.645453125000000000e+03
1.014149121093750000e+04
1.446795117187500000e+04
1.565776953125000000e+04
4.771109765625000000e+04
5.012772656250000000e+04
2.337739990234375000e+03
2.609003906250000000e+03
4.045572265625000000e+03
3.573369873046875000e+03
2.442444091796875000e+03
1.138651123046875000e+03
5.454483032226562500e+02
4.328388366699218750e+02
5.084691162109375000e+02
7.441945190429687500e+02
7.676418457031250000e+02
5.274369506835937500e+02
5.299111328125000000e+02
5.276626586914062500e+02
4.655448303222656250e+02
3.954490966796875000e+02
4.592161865234375000e+02
5.940802612304687500e+02
5.922052001953125000e+02
4.668876953125000000e+02
2.831451416015625000e+02
1.393926086425781250e+02
1.096853713989257812e+02
8.643160247802734375e+01
6.702812957763671875e+01
1.211400985717773438e+02
1.506577148437500000e+02
1.369544677734375000e+02
9.103977966308593750e+01
3.896623611450195312e+01
2.463195228576660156e+01
2.647446823120117188e+01
2.544376182556152344e+01
5.829482269287109375e+01
8.448844146728515625e+01
9.291710662841796875e+01
8.329677581787109375e+01
6.205916595458984375e+01
3.873720932006835938e+01
2.194731712341308594e+01
1.532089519500732422e+01
1.642057991027832031e+01
1.979126358032226562e+01
2.045772933959960938e+01
1.671888923645019531e+01
1.472780799865722656e+01
1.464762783050537109e+01
1.430322074890136719e+01
1.378515625000000000e+01
1.325575542449951172e+01
1.275978565216064453e+01
1.222184181213378906e+01
1.154091167449951172e+01
1.074245357513427734e+01
1.002391815185546875e+01
1.189381885528564453e+01
1.675733757019042969e+01
2.066542243957519531e+01
2.154317283630371094e+01
1.839851570129394531e+01
1.220369148254394531e+01
5.554081439971923828e+00
2.609468936920166016e+00
1.898296356201171875e+00
2.317964076995849609e+00
5.866778373718261719e+00
8.423906326293945312e+00
8.606728553771972656e+00
6.452389240264892578e+00
3.202245473861694336e+00
7.983654737472534180e-01
7.678939700126647949e-01
3.278873205184936523e+00
7.199571609497070312e+00
1.081682586669921875e+01
