3.371433105468750000e+02
7.919592895507812500e+02
8.642476196289062500e+02
2.931869812011718750e+02
4.656762390136718750e+02
5.775411987304687500e+02
1.388056335449218750e+02
1.943471984863281250e+02
4.848446655273437500e+02
2.809037170410156250e+02
1.469090118408203125e+02
9.126237487792968750e+01
4.906724929809570312e+01
2.847982025146484375e+01
7.187168884277343750e+01
1.245418853759765625e+02
7.751197052001953125e+01
7.017608642578125000e+01
3.849338912963867188e+01
3.818272399902343750e+01
4.742408752441406250e+01
1.329875335693359375e+02
2.414218292236328125e+02
4.803437805175781250e+01
7.436501502990722656e+00
8.661899566650390625e+00
1.803739356994628906e+01
2.493229866027832031e+01
4.556265640258789062e+01
2.880095672607421875e+01
9.447231292724609375e+00
8.769404411315917969e+00
2.308774185180664062e+01
6.597123718261718750e+01
2.879850006103515625e+01
5.906138896942138672e+00
5.177145004272460938e+00
1.072329998016357422e+01
8.843358993530273438e+00
9.218886375427246094e+00
1.191296768188476562e+01
1.225826492309570312e+02
2.103382873535156250e+02
1.993928222656250000e+02
9.079727935791015625e+01
4.561009979248046875e+01
7.258126831054687500e+01
4.489261245727539062e+01
1.694718170166015625e+01
1.122711944580078125e+01
5.862658977508544922e+00
2.265069961547851562e+00
3.558190107345581055e+00
2.913352775573730469e+01
2.772974205017089844e+01
1.312327957153320312e+01
7.474462509155273438e+00
3.570580291748046875e+01
4.659655761718750000e+01
2.170839118957519531e+01
5.793159484863281250e+00
6.177661895751953125e+00
6.050011157989501953e+00
5.660609722137451172e+00
9.731673240661621094e+00
9.839619636535644531e+00
8.010327339172363281e+00
8.530353546142578125e+00
7.167873382568359375e+00
5.492288112640380859e+00
7.260695457458496094e+00
7.754615306854248047e+00
1.166806888580322266e+01
7.277139663696289062e+00
4.779985427856445312e+00
9.925235748291015625e+00
4.646015644073486328e+00
4.276615619659423828e+00
3.474653482437133789e+00
1.101307296752929688e+01
8.513263702392578125e+00
6.327552318572998047e+00
6.199717521667480469e+00
4.774149417877197266e+00
8.332563400268554688e+00
6.135141372680664062e+00
4.688343048095703125e+00
6.820865154266357422e+00
5.644587516784667969e+00
6.219608306884765625e+00
3.243712425231933594e+00
4.702174663543701172e+00
4.041466712951660156e+00
7.460981845855712891e+00
1.311285972595214844e+01
1.553817176818847656e+01
4.528339385986328125e+00
4.083831787109375000e+00
4.987387657165527344e+00
2.641417503356933594e+00
2.941300392150878906e+00
3.345490217208862305e+00
2.368255853652954102e+00
2.439804792404174805e+00
2.024444341659545898e+00
3.246653556823730469e+00
4.603020191192626953e+00
2.197201013565063477e+00
2.484952449798583984e+00
2.219268560409545898e+00
2.168507814407348633e+00
1.571661829948425293e+00
2.977053165435791016e+00
1.771488785743713379e+00
1.285812973976135254e+00
2.088354110717773438e+00
1.687298178672790527e+00
1.113375306129455566e+00
1.231462836265563965e+00
8.436127305030822754e-01
1.287663578987121582e+00
1.622191190719604492e+00
2.254620552062988281e+00
2.973485708236694336e+00
1.488097548484802246e+00
9.722396135330200195e-01
1.280356526374816895e+00
8.048676848411560059e-01
1.032668113708496094e+00
8.736587166786193848e-01
1.867138743400573730e+00
1.571897268295288086e+00
1.156962633132934570e+00
8.625605106353759766e-01
1.101621627807617188e+00
1.357302069664001465e+00
1.915595769882202148e+00
1.338061571121215820e+00
1.015628814697265625e+00
2.553231477737426758e+00
2.578704833984375000e+00
1.232660531997680664e+00
9.990946650505065918e-01
7.831043601036071777e-01
1.259030461311340332e+00
1.028581380844116211e+00
1.079005002975463867e+00
4.839013516902923584e-01
8.690889477729797363e-01
5.809279680252075195e-01
6.821945309638977051e-01
1.231030464172363281e+00
6.263599395751953125e-01
8.135665655136108398e-01
8.974870443344116211e-01
5.169807076454162598e-01
5.733267068862915039e-01
1.172742605209350586e+00
2.252183198928833008e+00
8.943980932235717773e-01
9.458742141723632812e-01
1.886114597320556641e+00
9.973145723342895508e-01
2.274031400680541992e+00
1.990028977394104004e+00
1.087285161018371582e+00
1.351486921310424805e+00
9.702630639076232910e-01
6.845439672470092773e-01
9.756480455398559570e-01
5.798517465591430664e-01
8.787273168563842773e-01
7.931941151618957520e-01
9.180929660797119141e-01
1.303965926170349121e+00
5.659142136573791504e-01
5.223290920257568359e-01
2.239603519439697266e+00
3.579232692718505859e+00
2.368613004684448242e+00
1.213070273399353027e+00
3.513256311416625977e-01
6.911667585372924805e-01
8.705029487609863281e-01
3.476938605308532715e-01
