2.289641992187500000e+04
4.008658593750000000e+04
3.146063671875000000e+04
2.436894726562500000e+04
2.286249804687500000e+04
1.838605468750000000e+04
7.010657031250000000e+04
7.980089062500000000e+04
1.705123828125000000e+04
6.863369628906250000e+03
1.562671972656250000e+04
2.243356054687500000e+04
7.108383300781250000e+03
4.771185913085937500e+02
6.646881103515625000e+02
6.988164062500000000e+02
5.168632812500000000e+02
5.831361083984375000e+02
5.238671875000000000e+02
4.120435485839843750e+02
4.462118225097656250e+02
9.539904174804687500e+02
3.699799194335937500e+02
4.760574722290039062e+01
1.970047454833984375e+02
2.718696594238281250e+02
8.627149200439453125e+01
1.222319602966308594e+01
3.873778104782104492e+00
3.458266496658325195e+00
1.810169219970703125e+00
1.025271224975585938e+01
1.475222682952880859e+01
5.711836814880371094e+00
1.598981857299804688e+00
1.276079416275024414e+00
2.966099262237548828e+00
3.953030347824096680e+00
3.337040185928344727e+00
3.848006248474121094e+00
2.678947448730468750e+00
1.548036932945251465e+00
1.706089258193969727e+00
2.059683799743652344e+00
1.416624069213867188e+00
1.813363313674926758e+00
2.087365865707397461e+00
3.528182601928710938e+01
6.364496231079101562e+01
7.454949855804443359e+00
2.103974580764770508e+00
4.566870212554931641e+00
1.529033064842224121e+00
7.758837938308715820e-01
2.641973733901977539e+00
3.292013645172119141e+00
1.899531483650207520e+00
9.930574893951416016e-01
1.879690647125244141e+00
2.893750905990600586e+00
7.140792369842529297e+00
8.574527740478515625e+00
6.798923015594482422e+00
2.339442968368530273e+00
6.467671394348144531e-01
3.006426393985748291e-01
5.557948350906372070e-01
7.108704447746276855e-01
1.925015926361083984e+00
1.931665182113647461e+00
1.318713545799255371e+00
9.924165010452270508e-01
3.623424291610717773e+00
3.075675725936889648e+00
5.915452957153320312e+00
9.513814926147460938e+00
6.052297592163085938e+00
2.308641195297241211e+00
4.112703800201416016e-01
6.952508687973022461e-01
3.038984537124633789e-01
4.214009344577789307e-01
1.948748230934143066e-01
2.315195649862289429e-02
4.628063365817070007e-02
8.143171668052673340e-02
6.228401064872741699e-01
2.012500524520874023e+00
9.902980923652648926e-01
5.543717741966247559e-01
6.251783668994903564e-02
2.658486068248748779e-01
