3.982545089721679688e+01
9.577622985839843750e+01
1.347001495361328125e+02
1.119297943115234375e+02
6.929546356201171875e+01
8.157776641845703125e+01
8.712094116210937500e+01
9.608154296875000000e+01
1.764697113037109375e+02
2.000585632324218750e+02
1.754856109619140625e+02
3.322680664062500000e+02
2.859042053222656250e+02
2.296688079833984375e+02
2.831047363281250000e+02
3.237843933105468750e+02
2.310801544189453125e+02
1.972768554687500000e+02
1.666983947753906250e+02
1.553474273681640625e+02
1.623876342773437500e+02
1.030241622924804688e+02
7.526615905761718750e+01
7.586124420166015625e+01
3.871754074096679688e+01
2.986133384704589844e+01
5.258974838256835938e+01
5.755193710327148438e+01
3.531873321533203125e+01
4.373120117187500000e+01
1.011944427490234375e+02
5.260806655883789062e+01
2.824804878234863281e+01
2.569012641906738281e+01
6.170982360839843750e+01
6.510884094238281250e+01
3.046857261657714844e+01
1.575746059417724609e+01
1.266199016571044922e+01
7.566349029541015625e+00
1.398932838439941406e+01
1.009778404235839844e+01
1.211995840072631836e+00
3.366344690322875977e+00
9.093447685241699219e+00
8.034725189208984375e+00
5.671353340148925781e+00
4.809547901153564453e+00
3.644942760467529297e+00
3.608510017395019531e+00
2.957515239715576172e+00
2.352075815200805664e+00
1.905338525772094727e+00
2.153612852096557617e+00
3.055310010910034180e+00
3.333618402481079102e+00
3.124314785003662109e+00
1.105683922767639160e+00
1.122979640960693359e+00
8.682468533515930176e-01
5.532177686691284180e-01
8.608211874961853027e-01
6.565907001495361328e-01
1.380476653575897217e-01
1.376380324363708496e-01
1.473736017942428589e-01
2.013655006885528564e-01
1.613401025533676147e-01
1.058467179536819458e-01
1.112161129713058472e-01
1.669550389051437378e-01
2.533761858940124512e-01
3.404793739318847656e-01
4.433425068855285645e-01
3.947922587394714355e-01
1.968062967061996460e-01
1.675199419260025024e-01
2.906659543514251709e-01
2.713823318481445312e-01
1.540922671556472778e-01
1.031492874026298523e-01
1.090745851397514343e-01
9.302897751331329346e-02
1.590713411569595337e-01
3.035751283168792725e-01
3.473292887210845947e-01
3.117585182189941406e-01
2.748734056949615479e-01
1.492199748754501343e-01
1.188191547989845276e-01
6.782606244087219238e-02
1.943701319396495819e-02
