1.572466093750000000e+05
2.111908593750000000e+05
1.758370156250000000e+05
1.992414375000000000e+05
3.127971562500000000e+05
4.927753437500000000e+05
5.581306875000000000e+05
6.920246250000000000e+05
6.922008125000000000e+05
3.314322500000000000e+05
7.427761718750000000e+04
3.310853125000000000e+04
1.995621484375000000e+04
1.523303417968750000e+04
2.425472265625000000e+04
6.986717968750000000e+04
3.462153125000000000e+04
1.556834082031250000e+04
8.492589843750000000e+03
8.365460937500000000e+03
1.040829980468750000e+04
1.487442480468750000e+04
1.445752343750000000e+04
9.607169921875000000e+03
5.431854003906250000e+03
5.101320312500000000e+03
3.604343750000000000e+03
3.532984863281250000e+03
2.682140380859375000e+03
2.678380126953125000e+03
2.846118164062500000e+03
2.216503417968750000e+03
1.551237915039062500e+03
1.504474975585937500e+03
1.461480834960937500e+03
1.375228149414062500e+03
1.250541015625000000e+03
1.120300903320312500e+03
9.892694702148437500e+02
8.438271484375000000e+02
6.726083984375000000e+02
5.214598388671875000e+02
4.166166076660156250e+02
3.335592956542968750e+02
2.599912109375000000e+02
1.952364196777343750e+02
1.548269653320312500e+02
1.385016021728515625e+02
1.780304107666015625e+02
1.889129333496093750e+02
1.718765106201171875e+02
1.381011810302734375e+02
9.241992950439453125e+01
8.213026428222656250e+01
9.496192932128906250e+01
1.138799133300781250e+02
1.134293212890625000e+02
1.124768753051757812e+02
9.418453216552734375e+01
7.331267547607421875e+01
6.727536010742187500e+01
6.232787704467773438e+01
5.572630691528320312e+01
4.841115188598632812e+01
4.142671585083007812e+01
3.740615081787109375e+01
3.979305648803710938e+01
4.155140686035156250e+01
4.266834259033203125e+01
4.304732131958007812e+01
4.247910690307617188e+01
4.099348068237304688e+01
3.891114044189453125e+01
3.759907913208007812e+01
3.720246124267578125e+01
3.554757308959960938e+01
3.229906845092773438e+01
2.859848022460937500e+01
2.535579872131347656e+01
2.253246879577636719e+01
1.969114685058593750e+01
1.672500038146972656e+01
1.565295791625976562e+01
1.530061149597167969e+01
1.460376262664794922e+01
1.360362052917480469e+01
1.400752258300781250e+01
1.662025451660156250e+01
1.619507217407226562e+01
1.358248519897460938e+01
1.306638145446777344e+01
1.226646709442138672e+01
