2.487694531250000000e+05
5.241582812500000000e+05
5.217561875000000000e+05
3.679694375000000000e+05
2.872375000000000000e+05
2.134475312500000000e+05
1.411749531250000000e+05
1.096998828125000000e+05
9.443389062500000000e+04
1.121418671875000000e+05
1.385176406250000000e+05
4.792501250000000000e+05
2.498412656250000000e+05
6.425137109375000000e+04
4.538767968750000000e+04
3.476175781250000000e+04
3.568537500000000000e+04
3.516371875000000000e+04
3.399703515625000000e+04
2.707558398437500000e+04
1.991436718750000000e+04
9.451421875000000000e+03
3.083786865234375000e+03
2.715806640625000000e+03
2.857944580078125000e+03
3.412395019531250000e+03
3.661062011718750000e+03
3.097617675781250000e+03
2.164746093750000000e+03
1.428422851562500000e+03
9.971533203125000000e+02
1.101308593750000000e+03
9.290319213867187500e+02
7.806638183593750000e+02
6.897003173828125000e+02
5.376139526367187500e+02
3.979097595214843750e+02
3.619234619140625000e+02
3.027098083496093750e+02
2.520986938476562500e+02
2.135661315917968750e+02
1.662684173583984375e+02
1.890119628906250000e+02
2.272907409667968750e+02
2.548436279296875000e+02
2.730598144531250000e+02
2.759976196289062500e+02
2.622868347167968750e+02
2.402660675048828125e+02
2.104766845703125000e+02
1.722956542968750000e+02
1.276373519897460938e+02
8.460853576660156250e+01
5.463007354736328125e+01
5.683635711669921875e+01
6.087788772583007812e+01
5.273568725585937500e+01
4.818806838989257812e+01
4.981097030639648438e+01
5.236323928833007812e+01
5.421049880981445312e+01
5.973665237426757812e+01
6.308057022094726562e+01
6.566538238525390625e+01
6.287687683105468750e+01
5.082966995239257812e+01
4.713838958740234375e+01
4.445206451416015625e+01
3.615916442871093750e+01
2.983378028869628906e+01
3.169283866882324219e+01
3.451659774780273438e+01
3.521890258789062500e+01
3.269218826293945312e+01
2.846207237243652344e+01
2.649085044860839844e+01
3.161130142211914062e+01
3.308395385742187500e+01
3.093920326232910156e+01
2.806294631958007812e+01
2.971735000610351562e+01
3.109756278991699219e+01
2.978682136535644531e+01
2.571908569335937500e+01
2.007504272460937500e+01
1.455959129333496094e+01
9.705135345458984375e+00
5.423976421356201172e+00
5.261712551116943359e+00
7.382620334625244141e+00
8.981996536254882812e+00
1.031535434722900391e+01
