1.374342803955078125e+02
4.529505615234375000e+02
5.829227294921875000e+02
2.535766601562500000e+02
1.899474792480468750e+02
3.366469116210937500e+02
1.327526550292968750e+02
2.627888793945312500e+02
2.463611297607421875e+02
1.003660888671875000e+02
1.216464385986328125e+02
7.873003387451171875e+01
6.427219390869140625e+01
4.257003021240234375e+01
6.063042449951171875e+01
1.375621948242187500e+02
9.610539245605468750e+01
9.284079742431640625e+01
7.006008911132812500e+01
5.148405456542968750e+01
2.362367630004882812e+01
2.796606254577636719e+01
8.563642120361328125e+01
6.596812438964843750e+01
2.263764190673828125e+01
1.126728725433349609e+01
1.275383663177490234e+01
1.291220474243164062e+01
5.354661560058593750e+01
9.341246795654296875e+01
2.500855827331542969e+01
1.109755611419677734e+01
1.580834007263183594e+01
1.361121559143066406e+01
6.572976684570312500e+01
3.125621223449707031e+01
3.889167022705078125e+01
9.064550018310546875e+01
8.518897247314453125e+01
8.501676177978515625e+01
4.797058486938476562e+01
7.014688110351562500e+01
4.321722793579101562e+01
8.601892852783203125e+01
5.981227493286132812e+01
1.277075271606445312e+02
2.606194458007812500e+02
3.470057983398437500e+02
5.303417968750000000e+02
4.509611816406250000e+02
1.175180740356445312e+02
1.623979492187500000e+02
5.828552246093750000e+02
2.548303222656250000e+02
3.006012878417968750e+02
1.108057785034179688e+02
1.199881267547607422e+01
1.197154045104980469e+01
6.398741722106933594e+00
2.308385276794433594e+01
1.080907516479492188e+02
3.023512878417968750e+02
4.413888244628906250e+02
2.581325073242187500e+02
2.663499832153320312e+01
4.187382507324218750e+01
3.865943527221679688e+01
1.171773433685302734e+01
8.699259757995605469e+00
6.261394500732421875e+01
1.320724029541015625e+02
3.111211242675781250e+02
6.438839721679687500e+02
3.011645507812500000e+02
3.280440902709960938e+01
3.269216156005859375e+01
1.921419525146484375e+01
3.471362686157226562e+01
2.637722778320312500e+02
3.342268371582031250e+02
6.791505432128906250e+01
1.531111526489257812e+01
6.799893856048583984e+00
3.872724914550781250e+01
3.222066497802734375e+01
1.665098381042480469e+01
5.687989807128906250e+01
4.252852630615234375e+01
7.359606742858886719e+00
6.430779933929443359e+00
1.883271408081054688e+01
2.321728897094726562e+01
1.522390460968017578e+01
1.381789684295654297e+01
2.398661804199218750e+01
2.085954093933105469e+01
4.629884243011474609e+00
3.385336160659790039e+00
8.356411933898925781e+00
9.699135780334472656e+00
2.035394287109375000e+01
2.199992942810058594e+01
7.821071624755859375e+00
1.871452927589416504e+00
2.424988985061645508e+00
3.837365627288818359e+00
3.722254276275634766e+00
1.601740002632141113e+00
1.526237607002258301e+00
2.631310462951660156e+00
2.136540889739990234e+00
4.120098114013671875e+00
7.277823925018310547e+00
1.105718994140625000e+01
5.675109863281250000e+00
7.064637184143066406e+00
4.848768234252929688e+00
2.332784891128540039e+00
3.168407917022705078e+00
2.391009569168090820e+00
1.337046742439270020e+00
2.744952678680419922e+00
2.407953262329101562e+00
3.985878467559814453e+00
2.639836072921752930e+00
1.685156941413879395e+00
1.556248426437377930e+00
1.667426347732543945e+00
4.211994647979736328e+00
3.146920442581176758e+00
3.890923738479614258e+00
2.642871618270874023e+00
1.099208116531372070e+00
1.949615955352783203e+00
2.776051521301269531e+00
8.559170722961425781e+00
9.297450065612792969e+00
6.873991012573242188e+00
2.276969432830810547e+00
1.272532463073730469e+00
2.669207811355590820e+00
2.335833549499511719e+00
1.679269194602966309e+00
2.022773981094360352e+00
1.357930183410644531e+00
1.676754951477050781e+00
2.540404796600341797e+00
1.287520527839660645e+00
8.082537055015563965e-01
1.968591332435607910e+00
1.575142741203308105e+00
1.516145229339599609e+00
7.641575336456298828e-01
1.080399036407470703e+00
2.024930477142333984e+00
4.488494873046875000e+00
4.180823326110839844e+00
2.921928644180297852e+00
3.002464056015014648e+00
1.548231959342956543e+00
1.531455516815185547e+00
2.028921604156494141e+00
1.418676018714904785e+00
6.394508838653564453e+00
9.341786384582519531e+00
8.738181114196777344e+00
5.128827095031738281e+00
1.154378533363342285e+00
1.825563073158264160e+00
2.387283563613891602e+00
5.641700744628906250e+00
6.010797977447509766e+00
5.424250602722167969e+00
6.076824188232421875e+00
3.791598796844482422e+00
4.265249729156494141e+00
2.669801235198974609e+00
4.687773227691650391e+00
2.408948421478271484e+00
4.781363010406494141e+00
4.309616088867187500e+00
2.325684070587158203e+00
3.379599332809448242e+00
3.434665441513061523e+00
1.777709603309631348e+00
