3.230433273315429688e+01
6.342410659790039062e+01
5.735097503662109375e+01
1.481526184082031250e+02
1.044093627929687500e+02
3.398564529418945312e+01
6.335076522827148438e+01
5.976982116699218750e+01
6.015888595581054688e+01
4.574079132080078125e+01
2.469457626342773438e+01
1.787112579345703125e+02
2.848078918457031250e+02
1.582785186767578125e+02
1.591985626220703125e+02
2.080018463134765625e+02
1.590477142333984375e+02
1.003686676025390625e+02
5.997760772705078125e+01
2.663176155090332031e+01
3.607454299926757812e+01
7.458506774902343750e+01
8.750205230712890625e+01
8.237239074707031250e+01
7.209307098388671875e+01
8.796582031250000000e+01
9.439163970947265625e+01
6.348649215698242188e+01
5.988693237304687500e+01
1.152563858032226562e+02
1.543138885498046875e+02
1.021477508544921875e+02
4.317899322509765625e+01
2.806622314453125000e+01
2.887006759643554688e+01
2.871041297912597656e+01
1.217257308959960938e+01
5.207398891448974609e+00
1.133727431297302246e+00
1.613700628280639648e+00
4.193114757537841797e+00
3.360287904739379883e+00
2.351546049118041992e+00
2.185349702835083008e+00
3.388090848922729492e+00
8.282210350036621094e+00
1.278290653228759766e+01
8.268666267395019531e+00
2.750733375549316406e+00
2.575955152511596680e+00
1.010090351104736328e+00
5.112305283546447754e-01
7.278745770454406738e-01
7.176035642623901367e-01
2.140969276428222656e+00
2.660300016403198242e+00
1.640696644783020020e+00
8.388912677764892578e-01
8.274192810058593750e-01
5.439788103103637695e-01
6.415302157402038574e-01
3.465574979782104492e-01
3.286029398441314697e-01
1.881622076034545898e-01
1.714894026517868042e-01
8.674159646034240723e-02
3.170014321804046631e-01
1.181664109230041504e+00
1.600449681282043457e+00
9.201031923294067383e-01
2.330927997827529907e-01
1.587584614753723145e-01
6.301023811101913452e-02
6.793440133333206177e-02
1.351538598537445068e-01
1.390726864337921143e-01
5.584940314292907715e-02
6.408894807100296021e-02
1.505910158157348633e-01
6.528467684984207153e-02
4.532690718770027161e-02
7.557091861963272095e-02
1.473995447158813477e-01
1.572069972753524780e-01
1.386238932609558105e-01
7.831904292106628418e-02
9.512589871883392334e-02
3.081449866294860840e-01
2.756508886814117432e-01
8.657919615507125854e-02
6.242837384343147278e-02
2.458653301000595093e-01
