2.184473037719726562e+01
5.256017303466796875e+01
8.303833770751953125e+01
1.592993774414062500e+02
2.725714111328125000e+02
5.941157150268554688e+01
7.488027191162109375e+01
7.633750152587890625e+01
6.424246978759765625e+01
3.592409896850585938e+01
1.835943412780761719e+01
1.544228515625000000e+02
2.445401000976562500e+02
1.460000762939453125e+02
1.519911499023437500e+02
1.744286193847656250e+02
1.455594329833984375e+02
1.147261047363281250e+02
8.714334869384765625e+01
5.686651992797851562e+01
5.277335739135742188e+01
4.688449478149414062e+01
3.425915908813476562e+01
2.557423210144042969e+01
3.171612167358398438e+01
6.135993194580078125e+01
6.555402374267578125e+01
3.375463485717773438e+01
2.116169929504394531e+01
5.710635757446289062e+01
1.192390365600585938e+02
6.209396743774414062e+01
1.820379257202148438e+01
7.073989391326904297e+00
1.832415962219238281e+01
2.971095848083496094e+01
2.161798667907714844e+01
1.560098552703857422e+01
1.448553085327148438e+01
5.969679832458496094e+00
2.111017227172851562e+00
1.450447440147399902e+00
5.034528374671936035e-01
5.933098196983337402e-01
4.804938733577728271e-01
3.570415377616882324e-01
1.596184968948364258e+00
2.778941154479980469e+00
2.618455648422241211e+00
2.949717044830322266e+00
1.551956176757812500e+00
8.506284654140472412e-02
1.550069153308868408e-01
2.752555906772613525e-01
3.495379090309143066e-01
6.819357872009277344e-01
3.961092233657836914e-01
2.109920233488082886e-01
2.104993462562561035e-01
2.109824419021606445e-01
1.593281030654907227e-01
5.800199881196022034e-02
7.157049328088760376e-02
1.526911258697509766e-01
2.727104127407073975e-01
2.811881303787231445e-01
3.985039591789245605e-01
1.032846570014953613e+00
5.339388251304626465e-01
1.158704161643981934e-01
6.472761183977127075e-02
1.182746440172195435e-01
1.367571055889129639e-01
1.540447324514389038e-01
1.508056968450546265e-01
8.389942348003387451e-02
1.527504064142704010e-02
3.374758735299110413e-02
1.272683143615722656e-01
1.368713080883026123e-01
5.690107494592666626e-02
1.247228756546974182e-01
1.672057956457138062e-01
2.097850739955902100e-01
1.927332133054733276e-01
9.530460834503173828e-02
7.958062738180160522e-02
1.266169100999832153e-01
2.061535418033599854e-01
2.897317111492156982e-01
2.904184460639953613e-01
1.215004175901412964e-01
