2.432154655456542969e+01
5.122584152221679688e+01
3.438998031616210938e+01
2.622495651245117188e+01
3.864315032958984375e+01
3.771574020385742188e+01
4.170177459716796875e+01
5.521414184570312500e+01
1.676334991455078125e+02
1.638229370117187500e+02
1.026847610473632812e+02
1.364445037841796875e+02
1.229682464599609375e+02
8.350534820556640625e+01
1.555653686523437500e+02
1.284917907714843750e+02
1.378463134765625000e+02
9.977980041503906250e+01
9.446862792968750000e+01
8.011700439453125000e+01
7.134188079833984375e+01
5.938965606689453125e+01
8.026591491699218750e+01
1.079073257446289062e+02
6.514833831787109375e+01
2.035035896301269531e+01
1.372204494476318359e+01
1.656097221374511719e+01
2.113627052307128906e+01
2.915602302551269531e+01
4.853226470947265625e+01
4.873640823364257812e+01
5.431917190551757812e+01
4.437533569335937500e+01
1.790202522277832031e+01
7.820543766021728516e+00
6.507477760314941406e+00
9.913880348205566406e+00
1.225385379791259766e+01
1.123918437957763672e+01
7.823178768157958984e+00
2.333841085433959961e+00
1.919664978981018066e+00
3.334824085235595703e+00
2.642039775848388672e+00
7.180075645446777344e-01
4.632222652435302734e-01
4.947734475135803223e-01
8.154224157333374023e-01
9.227269291877746582e-01
1.257058262825012207e+00
1.199323177337646484e+00
1.152702450752258301e+00
1.329680919647216797e+00
8.377035260200500488e-01
9.401247501373291016e-01
3.734512925148010254e-01
3.204670250415802002e-01
2.744567096233367920e-01
2.810222208499908447e-01
9.377396106719970703e-01
9.206199645996093750e-01
1.049727082252502441e+00
1.532992601394653320e+00
1.375531792640686035e+00
6.820843815803527832e-01
2.846491932868957520e-01
2.995700538158416748e-01
1.166453883051872253e-01
2.950098216533660889e-01
1.373226642608642578e-01
1.849673539400100708e-01
5.266333222389221191e-01
2.998666465282440186e-01
4.846087470650672913e-02
1.340223848819732666e-01
1.785890609025955200e-01
1.137199401855468750e-01
1.431107372045516968e-01
2.342838495969772339e-01
1.219757199287414551e-01
1.763128638267517090e-01
3.683422207832336426e-01
3.082706332206726074e-01
9.411054104566574097e-02
4.673371464014053345e-02
4.958049207925796509e-02
3.557215631008148193e-02
5.231674388051033020e-02
2.058980762958526611e-01
3.208571374416351318e-01
3.077537715435028076e-01
