2.279894828796386719e+01
5.282691955566406250e+01
6.843032836914062500e+01
8.156905364990234375e+01
2.678169822692871094e+01
8.171482086181640625e+00
1.897097206115722656e+01
1.011394119262695312e+01
3.627934646606445312e+01
7.101078796386718750e+01
1.670578193664550781e+01
1.237492828369140625e+02
1.407800140380859375e+02
2.916529655456542969e+01
3.999874114990234375e+01
5.291180801391601562e+01
5.476966476440429688e+01
4.279701995849609375e+01
2.006023979187011719e+01
1.734579849243164062e+01
2.070009994506835938e+01
1.358804225921630859e+01
4.692713737487792969e+00
8.266039848327636719e+00
2.108944511413574219e+01
5.721506881713867188e+01
3.862280654907226562e+01
3.157843112945556641e+00
6.311879158020019531e+00
4.932540893554687500e+01
8.723719024658203125e+01
3.175215721130371094e+01
2.095360755920410156e+01
1.613425445556640625e+01
1.895280075073242188e+01
1.461425018310546875e+01
1.555082201957702637e+00
2.752758741378784180e+00
4.250092029571533203e+00
1.074699282646179199e+00
7.115706205368041992e-01
4.511804282665252686e-01
1.744625568389892578e-01
2.836071252822875977e-01
2.312117069959640503e-01
9.115003943443298340e-01
1.253064990043640137e+00
6.950646638870239258e-01
2.447254806756973267e-01
1.732379347085952759e-01
3.615468442440032959e-01
3.778770565986633301e-01
2.711566686630249023e-01
3.016067743301391602e-01
2.370987385511398315e-01
5.757960677146911621e-01
6.104815006256103516e-01
3.481803834438323975e-01
4.671967029571533203e-01
8.463332653045654297e-01
4.907746613025665283e-01
9.343706071376800537e-02
8.318991959095001221e-02
1.504166871309280396e-01
1.684893965721130371e-01
1.854493468999862671e-01
2.729558348655700684e-01
2.941254377365112305e-01
1.444174200296401978e-01
1.551861595362424850e-02
1.602678000926971436e-02
2.521251142024993896e-02
3.871897608041763306e-02
1.387787517160177231e-02
3.250095620751380920e-02
2.144685015082359314e-02
6.047334987670183182e-03
2.169196680188179016e-02
4.981368407607078552e-02
1.891067773103713989e-01
2.545092403888702393e-01
5.810265615582466125e-02
2.905465848743915558e-02
2.038609236478805542e-02
3.344386070966720581e-02
5.221843346953392029e-02
6.637736409902572632e-02
9.248027205467224121e-02
1.465034037828445435e-01
5.148077011108398438e-02
3.448247909545898438e-02
3.228164836764335632e-02
