5.400341796875000000e+03
4.593559375000000000e+04
1.525559375000000000e+05
1.106648984375000000e+05
1.166260625000000000e+05
2.008797500000000000e+05
3.456143750000000000e+05
5.147108750000000000e+05
5.206896562500000000e+05
3.679097187500000000e+05
2.472778750000000000e+05
2.296604843750000000e+05
2.152698125000000000e+05
2.487377187500000000e+05
1.906750937500000000e+05
9.352923437500000000e+04
4.165966796875000000e+04
8.586521093750000000e+04
1.446189687500000000e+05
8.703542187500000000e+04
3.653580468750000000e+04
4.912411328125000000e+04
4.825974218750000000e+04
4.568638281250000000e+04
5.814135156250000000e+04
4.896589843750000000e+04
1.716830273437500000e+04
8.167319824218750000e+03
1.609227343750000000e+04
8.893571289062500000e+03
8.911402343750000000e+03
8.908899414062500000e+03
3.142258056640625000e+03
1.671131835937500000e+03
1.472530517578125000e+03
1.387733398437500000e+03
1.777210449218750000e+03
3.474654785156250000e+03
6.431249511718750000e+03
8.217038085937500000e+03
6.473431640625000000e+03
2.556938964843750000e+03
7.830250244140625000e+02
1.603778686523437500e+03
4.217494628906250000e+03
2.736911865234375000e+03
1.275999145507812500e+03
1.491805908203125000e+03
1.272347290039062500e+03
1.044737670898437500e+03
8.088330688476562500e+02
1.031296875000000000e+03
1.211927368164062500e+03
5.921617431640625000e+02
6.535814819335937500e+02
1.194212280273437500e+03
8.553948974609375000e+02
1.990078735351562500e+03
3.327376464843750000e+03
4.644498535156250000e+03
5.577542480468750000e+03
4.995825195312500000e+03
4.141020507812500000e+03
1.972380737304687500e+03
1.524239257812500000e+03
1.127282104492187500e+03
1.064207397460937500e+03
1.201406860351562500e+03
1.110567504882812500e+03
7.484700317382812500e+02
5.162667846679687500e+02
6.443099975585937500e+02
1.202397583007812500e+03
1.111780883789062500e+03
7.276093139648437500e+02
4.379141235351562500e+02
6.006835937500000000e+02
3.338236999511718750e+02
6.826340942382812500e+02
1.374043579101562500e+03
1.611062133789062500e+03
3.007828369140625000e+03
3.833091552734375000e+03
5.453194335937500000e+03
6.135561523437500000e+03
8.479115234375000000e+03
8.753214843750000000e+03
6.929241699218750000e+03
9.428841796875000000e+03
1.159675000000000000e+04
1.239746972656250000e+04
8.672900390625000000e+03
