4.291147155761718750e+02
1.377710571289062500e+03
9.755972900390625000e+02
2.535766601562500000e+02
1.899474792480468750e+02
3.366469116210937500e+02
1.327526550292968750e+02
3.085910949707031250e+02
2.893045959472656250e+02
1.133818359375000000e+02
2.944700622558593750e+02
9.110110473632812500e+01
6.427219390869140625e+01
4.257003021240234375e+01
7.373329925537109375e+01
1.375621948242187500e+02
9.610539245605468750e+01
1.296162261962890625e+02
8.276493072509765625e+01
5.148405456542968750e+01
1.252932357788085938e+02
6.307351684570312500e+01
8.563642120361328125e+01
6.596812438964843750e+01
2.941955184936523438e+01
1.788698577880859375e+01
1.764260482788085938e+01
2.301170158386230469e+01
5.354661560058593750e+01
9.341246795654296875e+01
2.616630172729492188e+01
3.714091110229492188e+01
2.317806243896484375e+01
1.901177978515625000e+01
6.572976684570312500e+01
3.125621223449707031e+01
3.889167022705078125e+01
9.064550018310546875e+01
8.518897247314453125e+01
8.501676177978515625e+01
6.169998168945312500e+01
7.014688110351562500e+01
4.321722793579101562e+01
8.601892852783203125e+01
5.981227493286132812e+01
1.277075271606445312e+02
2.606194458007812500e+02
3.470057983398437500e+02
5.303417968750000000e+02
5.165109863281250000e+02
2.981026611328125000e+02
3.825355834960937500e+02
5.828552246093750000e+02
4.022466735839843750e+02
5.156551513671875000e+02
1.108057785034179688e+02
9.572357177734375000e+01
3.904625701904296875e+01
1.367714691162109375e+02
3.183760070800781250e+02
3.941738891601562500e+02
3.023512878417968750e+02
4.413888244628906250e+02
2.581325073242187500e+02
1.244295272827148438e+02
2.121805572509765625e+02
3.660449829101562500e+02
1.979288330078125000e+02
1.008380222320556641e+01
6.261394500732421875e+01
1.320724029541015625e+02
3.111211242675781250e+02
6.438839721679687500e+02
4.464650878906250000e+02
2.318624267578125000e+02
7.531895446777343750e+01
1.921419525146484375e+01
4.244792938232421875e+01
2.637722778320312500e+02
3.342268371582031250e+02
6.791505432128906250e+01
1.531111526489257812e+01
1.026608848571777344e+01
3.872724914550781250e+01
3.222066497802734375e+01
7.742861175537109375e+01
1.423611755371093750e+02
6.058446121215820312e+01
7.359606742858886719e+00
6.430779933929443359e+00
1.883271408081054688e+01
2.321728897094726562e+01
1.522390460968017578e+01
1.848399925231933594e+01
2.398661804199218750e+01
2.085954093933105469e+01
2.489764785766601562e+01
1.145565700531005859e+01
1.398614501953125000e+01
2.596339416503906250e+01
2.035394287109375000e+01
2.199992942810058594e+01
7.821071624755859375e+00
3.748314380645751953e+00
2.424988985061645508e+00
5.755424022674560547e+00
4.239660739898681641e+00
3.155567646026611328e+00
5.016135215759277344e+00
1.211679172515869141e+01
5.637856960296630859e+00
4.457053184509277344e+00
7.277823925018310547e+00
1.105718994140625000e+01
5.675109863281250000e+00
7.064637184143066406e+00
1.101381492614746094e+01
1.859374046325683594e+01
4.015283584594726562e+00
5.792752265930175781e+00
1.160252189636230469e+01
9.890014648437500000e+00
3.251656055450439453e+00
4.399163246154785156e+00
2.639836072921752930e+00
1.685156941413879395e+00
2.385390043258666992e+00
2.972785472869873047e+00
4.211994647979736328e+00
4.587484836578369141e+00
5.227904796600341797e+00
6.029518127441406250e+00
2.643996715545654297e+00
1.949615955352783203e+00
2.776051521301269531e+00
8.559170722961425781e+00
9.297450065612792969e+00
6.873991012573242188e+00
4.205525875091552734e+00
3.967765808105468750e+00
2.974524974822998047e+00
3.874298334121704102e+00
1.679269194602966309e+00
2.022773981094360352e+00
1.357930183410644531e+00
1.676754951477050781e+00
2.540404796600341797e+00
1.415701627731323242e+00
2.527902841567993164e+00
1.968591332435607910e+00
1.575142741203308105e+00
1.750547528266906738e+00
2.122872591018676758e+00
2.952001571655273438e+00
2.095487356185913086e+00
4.488494873046875000e+00
4.180823326110839844e+00
2.921928644180297852e+00
3.002464056015014648e+00
1.670025587081909180e+00
1.531455516815185547e+00
2.028921604156494141e+00
1.418676018714904785e+00
6.394508838653564453e+00
9.341786384582519531e+00
8.738181114196777344e+00
5.128827095031738281e+00
3.789380550384521484e+00
2.712238788604736328e+00
2.387283563613891602e+00
5.641700744628906250e+00
6.010797977447509766e+00
5.424250602722167969e+00
6.076824188232421875e+00
3.791598796844482422e+00
4.265249729156494141e+00
2.669801235198974609e+00
4.687773227691650391e+00
2.408948421478271484e+00
4.781363010406494141e+00
4.309616088867187500e+00
2.325684070587158203e+00
3.379599332809448242e+00
3.434665441513061523e+00
2.041493654251098633e+00
