1.226728630065917969e+01
2.175983428955078125e+01
1.474172496795654297e+01
1.088628101348876953e+01
9.491753578186035156e+00
1.253321361541748047e+01
1.600824928283691406e+01
1.725295066833496094e+01
8.194508361816406250e+01
9.158959960937500000e+01
3.434494018554687500e+01
3.618074035644531250e+01
3.508020782470703125e+01
3.220638275146484375e+01
4.870934295654296875e+01
7.385798645019531250e+01
3.451883697509765625e+01
3.466327667236328125e+01
3.908841705322265625e+01
3.859487915039062500e+01
2.888171386718750000e+01
2.241965675354003906e+01
2.035637474060058594e+01
2.595539855957031250e+01
1.979591178894042969e+01
4.602861881256103516e+00
1.923737049102783203e+00
1.115607142448425293e+00
4.404472112655639648e-01
7.113546848297119141e+00
3.113038063049316406e+01
3.034738731384277344e+01
1.425031661987304688e+01
6.496650218963623047e+00
4.549654006958007812e+00
1.025897502899169922e+01
7.310238838195800781e+00
3.338595390319824219e+00
2.921258926391601562e+00
1.902710914611816406e+00
1.219594240188598633e+00
8.101407289505004883e-01
5.421381592750549316e-01
7.870901823043823242e-01
6.272442936897277832e-01
3.948283493518829346e-01
3.053279519081115723e-01
3.842113614082336426e-01
3.621681332588195801e-01
2.238427698612213135e-01
2.402129024267196655e-01
1.939232796430587769e-01
8.402876555919647217e-02
1.989073604345321655e-01
2.622862756252288818e-01
2.923165261745452881e-01
4.652143120765686035e-01
2.901236116886138916e-01
2.532746791839599609e-01
6.543909907341003418e-01
1.105001211166381836e+00
7.757092714309692383e-01
2.895730137825012207e-01
3.005157709121704102e-01
2.841933965682983398e-01
9.217465668916702271e-02
5.584203824400901794e-02
9.845981001853942871e-02
8.129596710205078125e-02
1.468566954135894775e-01
1.837644577026367188e-01
5.915806069970130920e-02
1.577084884047508240e-02
8.883053436875343323e-03
8.147564716637134552e-03
1.661324501037597656e-02
2.499782294034957886e-02
1.785969175398349762e-02
5.338368192315101624e-02
3.777122125029563904e-02
3.048357553780078888e-02
2.737669274210929871e-02
1.660124771296977997e-02
2.825017645955085754e-02
5.629258602857589722e-02
5.279796943068504333e-02
5.333492159843444824e-02
5.329343676567077637e-02
1.136984974145889282e-01
1.786890327930450439e-01
1.664586812257766724e-01
9.654948115348815918e-02
