3.317597579956054688e+01
5.090587997436523438e+01
3.995126724243164062e+01
7.182803344726562500e+01
1.050591888427734375e+02
3.129591369628906250e+01
6.345549774169921875e+01
5.455419921875000000e+01
1.361544342041015625e+02
7.535897064208984375e+01
8.249691772460937500e+01
1.087980804443359375e+02
9.587803649902343750e+01
9.232390594482421875e+01
1.690678405761718750e+02
1.902595825195312500e+02
1.298235168457031250e+02
9.555719757080078125e+01
7.620491790771484375e+01
7.870678710937500000e+01
7.063955688476562500e+01
3.743385696411132812e+01
5.491039657592773438e+01
1.107460861206054688e+02
4.587083816528320312e+01
8.621111869812011719e+00
9.418547630310058594e+00
1.177467346191406250e+01
1.286716175079345703e+01
3.094846534729003906e+01
5.781885147094726562e+01
2.405086517333984375e+01
3.200088500976562500e+01
2.704706382751464844e+01
1.723105621337890625e+01
1.338443183898925781e+01
1.209953594207763672e+01
6.649003982543945312e+00
6.027043342590332031e+00
5.418972015380859375e+00
3.978226661682128906e+00
2.489917039871215820e+00
2.368326902389526367e+00
7.257038354873657227e-01
9.813032150268554688e-01
1.083836078643798828e+00
5.499160289764404297e-01
8.572461009025573730e-01
1.372075080871582031e+00
2.129134893417358398e+00
1.635108947753906250e+00
1.111985087394714355e+00
8.684353828430175781e-01
1.625369548797607422e+00
2.398488283157348633e+00
2.259389162063598633e+00
1.287512540817260742e+00
5.843319296836853027e-01
3.616764247417449951e-01
2.597456276416778564e-01
2.624369561672210693e-01
3.048811554908752441e-01
1.679086536169052124e-01
6.298042833805084229e-02
7.512599974870681763e-02
1.308081597089767456e-01
6.505417823791503906e-02
5.096133425831794739e-02
1.869731955230236053e-02
4.576531797647476196e-02
8.405800908803939819e-02
9.368652105331420898e-02
8.923590928316116333e-02
5.246740207076072693e-02
1.365705728530883789e-01
3.445934057235717773e-01
3.862129151821136475e-01
2.045038640499114990e-01
5.276908352971076965e-02
5.632155016064643860e-02
1.016956120729446411e-01
2.176175415515899658e-01
2.941663265228271484e-01
1.618517637252807617e-01
5.339172109961509705e-02
8.745248615741729736e-02
5.180758982896804810e-02
5.013401433825492859e-02
2.256914600729942322e-02
4.536527767777442932e-02
6.922445446252822876e-02
3.960314765572547913e-02
